AncientComponent1,AncientComponent2,AncientComponent3,AncientComponent4,AncientComponent5,ModernComponent1,ModernComponent2,ModernComponent3,DateBP,Sample ID,Country
1.00E-05,0.044689,0.025802,0.017723,1.00E-05,0.008324,0.083126,0.820316,10,HG00410,CHS
0.214688,0.055472,0.023841,0.021717,0.015749,0.017622,0.621186,0.029726,10,NA20795,TSI
0.217029,0.045095,0.004655,0.02168,0.002473,0.019216,0.65534,0.034513,10,NA20802,TSI
0.207292,0.05397,0.001894,0.03254,1.00E-05,0.068974,0.61323,0.022089,10,HG01628,IBS
0.212762,0.067407,0.012527,0.019542,0.001609,0.018168,0.635822,0.032163,10,NA20812,TSI
0.209039,0.050228,0.007405,0.028667,0.007457,0.017827,0.646376,0.033001,10,NA20538,TSI
0.210223,0.061052,0.013048,0.018189,0.005042,0.014952,0.644322,0.033171,10,NA20588,TSI
0.206727,0.054572,0.014714,0.014111,0.005467,0.016665,0.644046,0.043698,10,NA20753,TSI
0.193192,0.031383,0.003876,0.025045,0.011712,0.052777,0.648663,0.033352,10,HG01630,IBS
0.201346,0.050877,0.023382,0.020899,0.014122,0.017465,0.637767,0.034142,10,NA20806,TSI
0.002281,0.042514,0.023377,0.005349,1.00E-05,0.008409,0.093659,0.824401,10,NA18646,CHB
0.21554,0.052759,0.006721,0.020644,1.00E-05,0.015865,0.66307,0.025393,10,NA20805,TSI
0.211666,0.048993,0.00582,0.020608,1.00E-05,0.01839,0.662215,0.032297,10,NA20799,TSI
0.198883,0.040798,0.018352,0.029548,0.019504,0.015376,0.638083,0.039456,10,NA20808,TSI
0.042931,0.10794,0.013512,0.080448,1.00E-05,0.00325,0.670898,0.081011,10,HG00281,FIN
0.041966,0.094894,0.016604,0.083159,0.007878,0.003193,0.678475,0.07383,10,HG00315,FIN
0.038515,0.093672,0.009677,0.082824,0.008014,0.003371,0.677206,0.086721,10,HG00368,FIN
0.206115,0.060897,0.017488,0.026176,0.009079,0.015917,0.641531,0.022796,10,NA20803,TSI
0.043676,0.083581,0.007479,0.086395,0.012609,0.002879,0.682877,0.080505,10,HG00309,FIN
0.045443,0.094026,0.009217,0.084426,0.007105,0.003151,0.686288,0.070344,10,HG00343,FIN
0.203384,0.06254,0.007112,0.017857,0.005173,0.022595,0.64488,0.036459,10,NA20814,TSI
0.052381,0.089397,0.011842,0.085807,0.010139,0.003126,0.682718,0.064589,10,HG00338,FIN
0.049667,0.088412,0.004824,0.083446,0.007189,0.00627,0.679031,0.081162,10,HG00366,FIN
0.046325,0.086125,0.015463,0.084882,0.00984,0.002562,0.689795,0.065007,10,HG00318,FIN
0.203164,0.049649,0.013409,0.021038,0.006241,0.01774,0.656414,0.032345,10,NA20786,TSI
0.207408,0.080512,0.013594,0.01759,0.004984,0.013967,0.631036,0.030909,10,NA20534,TSI
0.047105,0.076526,0.013499,0.077183,0.018995,0.002769,0.685297,0.078627,10,HG00364,FIN
0.000977,0.0491,0.031453,0.00394,1.00E-05,0.007547,0.08648,0.820495,10,NA18562,CHB
1.00E-05,0.046744,0.025585,0.009702,1.00E-05,0.007785,0.087274,0.822889,10,NA18643,CHB
0.038546,0.096569,0.008708,0.077608,1.00E-05,0.004861,0.691188,0.08251,10,HG00336,FIN
0.002061,0.043186,0.023271,0.004411,1.00E-05,0.008875,0.08842,0.829767,10,HG00409,CHS
0.188395,0.045327,0.00427,0.049438,0.005269,0.030005,0.648238,0.029058,10,HG01528,IBS
0.04905,0.090968,1.00E-05,0.097267,1.00E-05,0.00233,0.681139,0.079226,10,HG00342,FIN
0.193969,0.054404,0.003766,0.039532,1.00E-05,0.056781,0.620391,0.031146,10,HG01695,IBS
0.059369,0.096279,0.014507,0.075458,0.010279,0.001906,0.669347,0.072854,10,HG00331,FIN
0.209916,0.063224,0.003658,0.022915,1.00E-05,0.017781,0.656952,0.025544,10,NA20771,TSI
0.199047,0.056193,0.026032,0.020911,0.005792,0.015483,0.643163,0.033379,10,NA20810,TSI
0.206462,0.064854,0.007979,0.018123,0.002972,0.018006,0.651405,0.030198,10,NA20828,TSI
0.184648,0.048771,1.00E-05,0.047526,0.010635,0.029794,0.645922,0.032693,10,HG01699,IBS
0.004901,0.041123,0.024714,0.006279,1.00E-05,0.008017,0.086875,0.828082,10,NA18617,CHB
1.10E-05,0.04413,0.029246,0.002991,1.00E-05,0.007295,0.083009,0.833308,10,NA18631,CHB
0.199225,0.054922,0.01485,0.029803,0.002575,0.012452,0.642864,0.043309,10,NA20754,TSI
0.18606,0.037683,1.00E-05,0.039738,0.018768,0.030419,0.649758,0.037564,10,HG01624,IBS
0.001972,0.04424,0.02898,0.005448,1.00E-05,0.007009,0.080217,0.832123,10,HG00403,CHS
1.00E-05,0.041743,0.029688,0.014957,1.00E-05,0.007477,0.080855,0.82526,10,HG00422,CHS
0.184417,0.051752,0.003747,0.047996,0.009428,0.032518,0.644195,0.025948,10,HG01685,IBS
0.178839,0.043926,0.003044,0.046957,0.002439,0.052282,0.64954,0.022973,10,HG01669,IBS
0.192219,0.044249,1.00E-05,0.034752,0.013302,0.032406,0.654728,0.028334,10,HG01623,IBS
0.199015,0.066504,0.0158,0.032584,4.80E-05,0.018261,0.637149,0.030639,10,NA20533,TSI
0.178285,0.031843,0.018227,0.041168,0.010975,0.056619,0.634085,0.028798,10,HG01694,IBS
0.176691,0.038467,0.003463,0.052054,0.01194,0.02498,0.643496,0.048908,10,HG01618,IBS
1.00E-05,0.045237,0.026437,0.00844,1.00E-05,0.009271,0.08575,0.824845,10,NA18579,CHB
0.198832,0.050532,0.015469,0.019398,0.002993,0.018431,0.65606,0.038285,10,NA20585,TSI
1.00E-05,0.042312,0.023559,0.010507,1.00E-05,0.008525,0.084432,0.830645,10,NA18627,CHB
0.047506,0.075246,0.007987,0.075548,0.016763,0.005663,0.695309,0.075979,10,HG00378,FIN
0.003078,0.053091,0.024947,0.001348,1.00E-05,0.010207,0.089041,0.818278,10,NA19079,JPT
0.200978,0.045476,0.015148,0.020482,0.01264,0.015249,0.66042,0.029606,10,NA20755,TSI
0.177916,0.048719,0.002679,0.057208,0.008697,0.030277,0.648486,0.026019,10,HG01783,IBS
0.195749,0.046727,0.012339,0.02616,0.018703,0.015007,0.655426,0.029889,10,NA20769,TSI
0.191182,0.048036,0.008347,0.030137,0.01079,0.02057,0.65437,0.036568,10,NA20542,TSI
0.17787,0.036553,0.00872,0.039265,0.013595,0.034172,0.651356,0.038468,10,HG01525,IBS
0.055235,0.080533,0.005717,0.073906,0.012549,0.004286,0.685659,0.082116,10,HG00339,FIN
0.186391,0.066827,0.016119,0.036761,1.00E-05,0.031967,0.621143,0.040781,10,HG01626,IBS
0.177359,0.036837,0.018359,0.041925,0.010292,0.030265,0.650074,0.034889,10,HG01504,IBS
0.003759,0.046715,0.027016,0.008047,0.00161,0.011138,0.087913,0.813802,10,NA19067,JPT
0.178632,0.049438,0.003905,0.042651,1.00E-05,0.039523,0.648983,0.036859,10,HG01704,IBS
0.179703,0.048858,0.000385,0.044776,0.002132,0.041226,0.654004,0.028917,10,HG01697,IBS
0.199384,0.06861,0.016038,0.015749,0.00671,0.018317,0.640691,0.034501,10,NA20785,TSI
0.183446,0.042403,1.00E-05,0.056755,0.014767,0.014609,0.65715,0.03086,10,HG01684,IBS
0.183482,0.033346,0.000155,0.043399,0.011088,0.030556,0.671025,0.026951,10,HG01784,IBS
0.002358,0.045225,0.017742,0.004022,1.00E-05,0.00832,0.093964,0.828358,10,NA18637,CHB
0.16861,0.053229,0.013686,0.047731,0.013451,0.041587,0.630716,0.03099,10,HG01527,IBS
0.182336,0.055288,1.00E-05,0.047313,0.004514,0.03308,0.654222,0.023237,10,HG01506,IBS
0.19765,0.047743,0.023758,0.018048,1.00E-05,0.018366,0.65939,0.035035,10,NA20796,TSI
0.187299,0.046291,0.001483,0.037754,0.000244,0.035168,0.667658,0.024104,10,HG01767,IBS
0.17065,0.038959,0.00904,0.0586,0.006178,0.033951,0.650006,0.032615,10,HG01530,IBS
0.176918,0.032954,0.004795,0.054796,0.014087,0.028174,0.661984,0.026292,10,HG01707,IBS
0.002285,0.04621,0.02537,0.012114,1.00E-05,0.008902,0.090005,0.815104,10,NA19076,JPT
0.036856,0.084396,0.006591,0.074575,0.005654,0.003246,0.703293,0.085389,10,HG00361,FIN
0.026341,0.076185,0.016863,0.074091,0.008421,0.002451,0.704168,0.09148,10,HG00373,FIN
0.039489,0.097263,0.004708,0.07392,0.00212,0.003147,0.7048,0.074552,10,HG00288,FIN
0.172327,0.032773,0.006667,0.048403,0.01452,0.03594,0.660543,0.028827,10,HG01768,IBS
0.18156,0.061471,0.005152,0.057229,1.00E-05,0.017392,0.642917,0.034269,10,HG01777,IBS
0.177982,0.047503,0.000793,0.048264,0.00471,0.024351,0.658252,0.038146,10,HG01524,IBS
0.001616,0.036684,0.026391,0.012992,1.00E-05,0.009701,0.087826,0.82478,10,NA18740,CHB
0.194864,0.063294,0.021827,0.024938,0.00014,0.02183,0.650676,0.022431,10,NA20832,TSI
0.19757,0.064593,0.019103,0.016161,1.00E-05,0.015943,0.650303,0.036317,10,NA20582,TSI
0.068034,0.097235,0.010447,0.093946,1.00E-05,0.007464,0.68446,0.038404,10,HG00350,FIN
0.199101,0.059187,0.015336,0.020307,0.003454,0.013513,0.661577,0.027525,10,NA20826,TSI
0.188403,0.053726,0.000324,0.045071,0.009399,0.017,0.66483,0.021246,10,HG01631,IBS
0.178299,0.061673,0.006506,0.044321,1.00E-05,0.030747,0.646595,0.031849,10,HG01602,IBS
0.175638,0.060653,0.008953,0.050919,0.003414,0.027434,0.644044,0.028944,10,HG01619,IBS
0.174537,0.052553,0.009974,0.040877,0.009626,0.036097,0.652335,0.024001,10,HG01500,IBS
0.196812,0.064666,0.019904,0.020904,1.00E-05,0.015631,0.654663,0.027411,10,NA20811,TSI
0.191026,0.052689,0.020052,0.019622,0.011699,0.018125,0.659777,0.02701,10,NA20756,TSI
0.059291,0.073046,0.001722,0.080445,0.015961,0.004833,0.701072,0.06363,10,HG00357,FIN
0.050962,0.069169,0.014606,0.077786,0.015614,0.004449,0.705929,0.061486,10,HG00360,FIN
0.180647,0.045015,0.00111,0.047473,0.011748,0.019781,0.668262,0.025963,10,HG01673,IBS
0.170926,0.044034,0.014132,0.034874,0.020527,0.034952,0.64948,0.031075,10,HG01612,IBS
0.061672,0.097517,0.008754,0.074069,0.002523,0.004888,0.694381,0.056197,10,HG00380,FIN
0.191912,0.051377,0.024652,0.014083,0.015089,0.015179,0.655971,0.031737,10,NA20752,TSI
0.174198,0.047231,0.006904,0.044241,0.013992,0.024007,0.65806,0.031368,10,HG01510,IBS
0.032303,0.058914,0.018765,0.079289,0.011119,0.002015,0.71023,0.087365,10,HG00365,FIN
0.1713,0.032988,0.007767,0.049417,0.005388,0.032744,0.668006,0.032389,10,HG01610,IBS
0.066507,0.021541,1.00E-05,0.034827,0.009818,0.00352,0.858829,0.004949,10,HG00120,GBR
0.184349,0.053222,0.004326,0.04316,1.00E-05,0.019436,0.665481,0.030016,10,HG01613,IBS
0.182852,0.066604,1.00E-05,0.039966,0.009855,0.025492,0.644978,0.030243,10,HG01607,IBS
0.175283,0.052811,0.003504,0.056093,0.009346,0.019176,0.652436,0.031352,10,HG01672,IBS
0.043639,0.065148,0.012338,0.078742,0.003043,0.00517,0.707059,0.084862,10,HG00308,FIN
0.183954,0.048728,0.004356,0.046323,0.010824,0.016546,0.668602,0.020667,10,HG01676,IBS
0.17345,0.052359,0.006776,0.04537,0.011663,0.024318,0.658359,0.027704,10,HG01503,IBS
0.175576,0.046459,1.00E-05,0.053841,0.012209,0.01882,0.665332,0.027754,10,HG01513,IBS
0.180128,0.055985,0.010807,0.036824,0.002037,0.024357,0.661555,0.028306,10,HG01632,IBS
0.175877,0.034158,0.004616,0.048997,0.024958,0.017531,0.665787,0.028076,10,HG01675,IBS
0.177056,0.048353,0.003467,0.051472,0.001105,0.021584,0.669389,0.027573,10,HG01761,IBS
0.199454,0.054026,0.022823,0.015886,0.00302,0.014647,0.666972,0.023172,10,NA20586,TSI
0.174841,0.04687,0.001437,0.054956,0.011811,0.018895,0.666002,0.025187,10,HG01680,IBS
0.194374,0.056406,0.015458,0.013732,0.007991,0.017759,0.66664,0.02764,10,NA20790,TSI
0.17185,0.05309,0.012076,0.04956,0.004486,0.024302,0.649917,0.034718,10,HG01756,IBS
0.177569,0.036482,0.011068,0.036312,0.012338,0.022511,0.670038,0.033681,10,HG01670,IBS
0.001143,0.053193,0.022985,0.009062,1.00E-05,0.00827,0.093988,0.811348,10,NA18618,CHB
0.173264,0.048667,0.009917,0.053063,0.014168,0.019221,0.657086,0.024614,10,HG01537,IBS
0.002526,0.045582,0.01988,0.011438,1.00E-05,0.006983,0.10508,0.808502,10,NA18623,CHB
0.177124,0.04931,0.003159,0.044757,0.006059,0.01958,0.672839,0.027172,10,HG01605,IBS
0.175626,0.049398,0.006687,0.065398,0.001472,0.015903,0.658833,0.026682,10,HG01682,IBS
0.174092,0.046116,0.006977,0.032853,0.006693,0.031932,0.665117,0.036221,10,HG01705,IBS
0.176644,0.060726,0.003166,0.048376,1.00E-05,0.025768,0.65792,0.02739,10,HG01747,IBS
0.17769,0.04469,0.006188,0.036101,0.004989,0.024299,0.673605,0.032439,10,HG01678,IBS
0.197873,0.072405,0.011209,0.012746,0.003725,0.016683,0.655825,0.029533,10,NA20770,TSI
0.183321,0.044815,0.004824,0.026643,0.0159,0.020764,0.67313,0.030604,10,NA20587,TSI
0.03252,0.051959,0.014542,0.082237,0.017833,0.004513,0.720328,0.076069,10,HG00349,FIN
0.168275,0.03761,0.00957,0.046595,0.014236,0.025639,0.667535,0.030541,10,HG01507,IBS
0.18315,0.058674,0.004649,0.049554,0.001318,0.014567,0.667104,0.020986,10,HG01771,IBS
0.166261,0.050316,1.00E-05,0.048665,0.004131,0.036943,0.660576,0.033098,10,HG01501,IBS
0.172663,0.058217,1.00E-05,0.043571,1.00E-05,0.032301,0.659104,0.034123,10,HG01710,IBS
0.19095,0.062352,0.017138,0.015269,0.003277,0.011239,0.663764,0.03601,10,NA20818,TSI
0.173891,0.050115,0.007069,0.046648,0.001295,0.021833,0.673582,0.025568,10,HG01625,IBS
0.167996,0.052534,0.013586,0.045458,0.00638,0.028412,0.655228,0.030407,10,HG01617,IBS
0.169328,0.055391,0.017903,0.047886,1.00E-05,0.033907,0.652492,0.023084,10,HG01509,IBS
0.170723,0.050986,1.00E-05,0.060563,0.01316,0.02075,0.660765,0.023043,10,HG01512,IBS
0.16532,0.046997,0.008329,0.048474,0.010481,0.02679,0.66609,0.027518,10,HG01765,IBS
0.172191,0.051859,0.004427,0.047592,1.00E-05,0.023166,0.673853,0.026902,10,HG01679,IBS
0.19134,0.074863,0.019539,0.021143,1.00E-05,0.013934,0.646935,0.032237,10,NA20773,TSI
0.167495,0.048165,0.007787,0.058204,0.013846,0.019091,0.659679,0.025735,10,HG01779,IBS
0.000939,0.039449,0.024591,0.013968,1.00E-05,0.011998,0.102481,0.806564,10,NA19070,JPT
0.001586,0.043281,0.022808,0.010351,0.001949,0.010121,0.09921,0.810693,10,NA19074,JPT
1.00E-05,0.0359,0.028482,0.012925,1.00E-05,0.008261,0.101633,0.812779,10,NA19075,JPT
1.00E-05,0.042769,0.018304,0.015685,1.00E-05,0.015004,0.105313,0.802905,10,NA19078,JPT
0.167803,0.061299,0.002031,0.056326,0.007348,0.026521,0.644964,0.033708,10,HG01608,IBS
0.16448,0.035669,0.015118,0.031829,0.013946,0.034617,0.665101,0.03924,10,HG01757,IBS
0.17051,0.062637,0.002086,0.042125,0.001317,0.033313,0.657664,0.030346,10,HG01620,IBS
0.163359,0.04777,0.01703,0.043807,1.00E-05,0.035508,0.662096,0.030421,10,HG01766,IBS
0.042047,0.084719,0.014164,0.069502,0.007484,0.003939,0.719778,0.058368,10,HG00310,FIN
0.168393,0.030048,1.00E-05,0.033606,0.014086,0.028801,0.690399,0.034657,10,HG01531,IBS
0.152203,0.051255,0.009981,0.048462,0.020557,0.042065,0.634736,0.040741,10,HG01668,IBS
0.164475,0.035074,0.007601,0.049873,0.00641,0.024499,0.6829,0.029168,10,HG01773,IBS
0.197944,0.032267,0.007805,0.00917,1.00E-05,0.01622,0.711553,0.025031,10,NA20531,TSI
0.172033,0.049978,1.00E-05,0.073056,0.009159,0.012307,0.666038,0.017418,10,HG01519,IBS
0.042943,0.075648,0.012445,0.075371,1.00E-05,0.003633,0.719585,0.070365,10,HG00351,FIN
0.168002,0.060848,1.00E-05,0.050193,0.003656,0.027936,0.662174,0.027181,10,HG01770,IBS
0.173769,0.047235,0.003919,0.034266,0.004327,0.022579,0.685916,0.02799,10,HG02221,IBS
0.020164,0.017001,1.00E-05,0.050274,0.021133,0.002654,0.814701,0.074064,10,HG00176,FIN
0.186676,0.049239,0.011446,0.011894,0.003172,0.016995,0.691233,0.029344,10,NA20541,TSI
0.195835,0.018997,0.011394,0.009159,1.00E-05,0.013048,0.725598,0.025959,10,NA20512,TSI
0.16402,0.051838,0.014822,0.041986,0.011593,0.024432,0.659831,0.031479,10,HG01615,IBS
0.174422,0.06521,1.00E-05,0.056677,1.00E-05,0.020495,0.660955,0.02222,10,HG01762,IBS
0.085079,0.097351,0.013441,0.079617,0.011668,0.006988,0.676588,0.029268,10,NA12249,CEU
0.016892,0.009677,1.00E-05,0.056959,0.019441,0.001206,0.804184,0.091631,10,HG00187,FIN
0.159386,0.047882,0.006082,0.04379,0.013392,0.028387,0.657604,0.043476,10,HG01708,IBS
0.009808,0.014684,1.00E-05,0.063289,0.011776,0.001294,0.817554,0.081585,10,HG00271,FIN
0.057772,0.049546,0.015712,0.044303,0.009787,0.005476,0.807384,0.010019,10,HG00121,GBR
0.158906,0.050326,0.006306,0.058565,0.013358,0.030609,0.654496,0.027433,10,HG01686,IBS
0.01403,0.024357,0.003951,0.052004,0.015945,0.001279,0.807552,0.080882,10,HG00185,FIN
0.084595,0.031898,0.009684,0.03427,0.022579,0.006895,0.802859,0.007219,10,HG00128,GBR
0.012273,0.027543,0.00527,0.046512,0.021408,0.0016,0.801185,0.084209,10,HG00272,FIN
0.186585,0.02251,0.00781,0.005501,0.003168,0.016286,0.722082,0.036058,10,NA20514,TSI
0.072038,0.057855,0.01126,0.046384,0.000401,0.004425,0.799383,0.008254,10,HG00115,GBR
0.189121,0.021839,0.007113,0.00432,0.008988,0.014378,0.726002,0.02824,10,NA20519,TSI
0.162425,0.050255,0.000623,0.055668,0.008614,0.024217,0.667864,0.030334,10,HG01606,IBS
0.01834,0.029128,0.004187,0.071832,1.00E-05,0.001368,0.812422,0.062714,10,HG00280,FIN
0.059626,0.090259,0.003568,0.052254,0.010847,0.005139,0.717408,0.060898,10,HG00306,FIN
0.190875,0.027697,0.010752,0.002458,0.003046,0.016199,0.725036,0.023936,10,NA20525,TSI
0.078956,0.063483,0.001936,0.03811,0.009493,0.003129,0.792855,0.012036,10,HG00118,GBR
0.024061,0.026602,1.00E-05,0.055181,0.002149,0.00276,0.816508,0.072729,10,HG00189,FIN
0.03295,0.030989,0.004409,0.053887,0.012564,0.002814,0.802189,0.060198,10,HG00274,FIN
0.015656,0.036607,0.003809,0.059943,0.002194,0.001022,0.815479,0.06529,10,HG00173,FIN
0.017238,0.033697,0.004918,0.051799,0.005311,0.001613,0.800993,0.084431,10,HG00182,FIN
0.170601,0.059724,0.00823,0.069205,0.012741,0.011257,0.647351,0.020891,10,HG01785,IBS
0.044098,0.037319,1.00E-05,0.040816,0.006155,0.001482,0.821071,0.049049,10,HG00277,FIN
0.081022,0.07082,1.00E-05,0.029948,1.00E-05,0.002114,0.809214,0.006861,10,HG00117,GBR
0.07974,0.070279,0.001166,0.032536,1.00E-05,0.005491,0.793887,0.016891,10,HG00111,GBR
0.088031,0.062415,0.004468,0.049056,1.00E-05,0.005841,0.783969,0.00621,10,HG00127,GBR
0.186631,0.034116,0.012458,0.011274,1.00E-05,0.016133,0.722962,0.016415,10,NA20521,TSI
0.021383,0.040169,0.007087,0.05263,0.003102,0.001096,0.813544,0.06099,10,HG00188,FIN
0.167858,0.064244,1.00E-05,0.053323,0.004475,0.024216,0.657087,0.028787,10,HG02219,IBS
0.175014,0.018581,0.014385,0.017668,1.00E-05,0.012735,0.73521,0.026396,10,NA20515,TSI
0.165841,0.043924,1.00E-05,0.067448,0.010511,0.013646,0.677377,0.021244,10,HG01516,IBS
0.022467,0.040747,0.003403,0.044483,0.001227,0.001321,0.815575,0.070778,10,HG00183,FIN
0.001612,0.034588,0.02572,0.010346,1.00E-05,0.008843,0.106007,0.812875,10,NA18564,CHB
0.002031,0.042988,0.021645,0.005801,1.00E-05,0.007316,0.100017,0.820192,10,NA18592,CHB
1.00E-05,0.039406,0.024885,0.003887,1.00E-05,0.010023,0.10718,0.814599,10,NA18597,CHB
0.012517,0.04266,1.00E-05,0.052106,1.00E-05,0.00145,0.814151,0.077095,10,HG00171,FIN
0.100768,0.099472,0.02198,0.079437,0.01007,0.005409,0.655705,0.027158,10,HG00240,GBR
0.183679,0.036704,0.01496,1.00E-05,0.001283,0.013883,0.719205,0.030276,10,NA20511,TSI
1.00E-05,0.037527,0.027256,0.004092,1.00E-05,0.009259,0.109285,0.81256,10,NA19068,JPT
1.00E-05,0.035097,0.021115,0.015789,1.00E-05,0.011946,0.104044,0.811989,10,NA19072,JPT
0.001042,0.045137,0.023046,0.006317,1.00E-05,0.01122,0.099079,0.814148,10,NA19077,JPT
0.03894,0.027087,1.00E-05,0.052087,0.005005,0.001614,0.802113,0.073144,10,HG00266,FIN
0.000824,0.033342,0.027979,0.006284,1.00E-05,0.006947,0.107415,0.817199,10,NA18609,CHB
0.166337,0.060649,0.007834,0.05851,0.007978,0.017136,0.650114,0.031443,10,HG01781,IBS
0.002882,0.033554,0.030683,0.009717,1.00E-05,0.009928,0.090507,0.822719,10,NA18628,CHB
0.002922,0.04489,0.01687,0.001766,1.00E-05,0.008523,0.098639,0.82638,10,NA18574,CHB
0.091703,0.087711,0.027075,0.058115,0.016063,0.008929,0.692799,0.017604,10,NA12058,CEU
0.003413,0.033717,0.023511,0.010822,1.00E-05,0.008126,0.099368,0.821033,10,NA18602,CHB
0.087826,0.096581,0.028252,0.0506,0.00296,0.005491,0.706351,0.021939,10,NA12775,CEU
0.165938,0.057887,0.005692,0.041829,0.018257,0.017385,0.661165,0.031847,10,HG02220,IBS
1.00E-05,0.030065,0.02923,0.00272,0.002584,0.007906,0.090536,0.83695,10,HG00406,CHS
0.001627,0.035345,0.021969,0.005178,0.001357,0.009137,0.092202,0.833185,10,HG00421,CHS
0.001564,0.026808,0.017435,0.001871,1.00E-05,0.000729,0.063964,0.887618,10,NA18532,CHB
1.00E-05,0.030978,0.012507,0.001404,1.00E-05,0.000928,0.067606,0.886556,10,NA18546,CHB
0.002847,0.032122,0.023225,0.005459,1.00E-05,0.007598,0.090974,0.837766,10,NA18603,CHB
1.00E-05,0.033264,0.024887,0.012208,1.00E-05,0.008583,0.097048,0.823989,10,HG00419,CHS
1.00E-05,0.029061,0.005094,0.007004,1.00E-05,0.002569,0.068146,0.888106,10,NA18526,CHB
1.00E-05,0.025283,0.011475,1.00E-05,0.003647,0.0042,0.084228,0.871146,10,NA18528,CHB
0.000109,0.02903,0.006938,0.0013,1.00E-05,0.001777,0.07738,0.883455,10,NA18530,CHB
0.000787,0.033961,0.008845,0.002571,0.003865,0.001981,0.076475,0.871515,10,NA18531,CHB
0.000743,0.034105,0.010756,0.004817,1.00E-05,0.001669,0.070618,0.877282,10,NA18537,CHB
1.00E-05,0.024548,0.014211,0.006912,1.00E-05,0.002638,0.064262,0.887409,10,NA18549,CHB
1.00E-05,0.021041,0.015744,0.004299,0.001925,0.002839,0.077468,0.876673,10,NA18550,CHB
0.001047,0.024398,0.010926,0.00218,1.00E-05,0.001269,0.070933,0.889237,10,NA18557,CHB
0.000711,0.022782,0.009338,0.003068,0.003565,0.002566,0.069753,0.888217,10,NA18560,CHB
0.004215,0.034532,0.02327,0.0141,1.00E-05,0.005366,0.089282,0.829224,10,NA18595,CHB
0.001476,0.038137,0.022976,0.006806,1.00E-05,0.006349,0.090527,0.83372,10,NA18624,CHB
1.00E-05,0.030104,0.0159,0.009376,0.003076,0.010166,0.098186,0.833183,10,HG00407,CHS
0.001493,0.032188,0.018736,0.01212,0.003093,0.008952,0.093477,0.829942,10,HG00428,CHS
0.161307,0.04829,0.009713,0.051787,0.028965,0.013932,0.655629,0.030378,10,HG01776,IBS
0.00166,0.032909,0.017479,0.006958,1.00E-05,0.008619,0.101726,0.830639,10,NA18622,CHB
0.002165,0.035477,0.022418,0.001601,1.00E-05,0.008602,0.097058,0.832669,10,NA18625,CHB
0.00177,0.029044,0.022497,0.015279,1.00E-05,0.008584,0.091607,0.831209,10,NA18634,CHB
1.00E-05,0.032871,0.030774,0.003489,1.00E-05,0.00935,0.101798,0.821698,10,NA18638,CHB
0.002101,0.028552,0.018381,0.006223,1.00E-05,0.007929,0.106327,0.830476,10,NA18641,CHB
1.00E-05,0.028003,0.029012,0.006454,1.00E-05,0.007166,0.101309,0.828035,10,HG00404,CHS
0.00107,0.032617,0.014708,0.005541,1.00E-05,0.00141,0.067509,0.877136,10,NA18539,CHB
0.000798,0.020883,0.022659,0.017916,0.000258,0.007641,0.10002,0.829826,10,NA18582,CHB
0.000765,0.023931,0.021948,0.005687,1.00E-05,0.007053,0.099189,0.841417,10,NA18614,CHB
1.00E-05,0.035955,0.013786,0.000628,1.00E-05,0.001588,0.061951,0.886072,10,NA18525,CHB
0.000885,0.035739,0.012027,0.003752,0.000202,0.002454,0.060708,0.884232,10,NA18533,CHB
0.000723,0.037489,0.010383,0.003449,1.00E-05,0.003392,0.065267,0.879288,10,NA18542,CHB
1.20E-05,0.034748,0.014628,1.50E-05,1.00E-05,0.002125,0.057582,0.89088,10,NA18552,CHB
0.00105,0.037095,0.014707,0.006477,0.001301,0.003264,0.069073,0.867034,10,NA18553,CHB
0.000183,0.036624,0.016607,0.006427,1.00E-05,0.002248,0.059637,0.878262,10,NA18555,CHB
1.00E-05,0.035876,0.008868,0.003417,1.00E-05,0.001751,0.064142,0.885926,10,NA18559,CHB
0.000808,0.038936,0.023702,0.003688,1.00E-05,0.00656,0.086853,0.839443,10,NA18596,CHB
1.00E-05,0.032874,0.021665,0.003636,0.00097,0.007225,0.10813,0.82549,10,NA18615,CHB
1.00E-05,0.036872,0.013683,0.002523,0.002315,0.006452,0.111036,0.82711,10,NA18563,CHB
0.008003,0.143363,0.128497,0.024975,1.00E-05,0.043302,0.346841,0.30501,10,HG03663,PJL
0.177146,0.025804,0.007305,0.000776,0.010338,0.01388,0.742256,0.022495,10,NA20527,TSI
0.102867,0.104724,0.011831,0.072764,0.016465,0.007239,0.657114,0.026998,10,HG00264,GBR
0.154422,0.048107,0.012206,0.043411,0.015804,0.02916,0.665935,0.030956,10,HG01603,IBS
0.163249,0.062735,0.005927,0.04184,1.00E-05,0.036493,0.672763,0.016983,10,HG01709,IBS
0.022252,0.135272,0.137934,0.015584,1.00E-05,0.051042,0.297516,0.34039,10,HG03867,ITU
0.161924,0.041261,0.004941,0.055534,0.005362,0.014126,0.691355,0.025498,10,HG01518,IBS
0.162426,0.046233,0.003602,0.043707,0.011459,0.017594,0.690458,0.02452,10,HG01775,IBS
0.099868,0.099806,0.016817,0.063937,0.008075,0.006152,0.68833,0.017015,10,HG00262,GBR
0.038695,0.155708,0.146872,0.009017,1.00E-05,0.054647,0.311742,0.283309,10,HG03870,ITU
0.038627,0.143313,0.105206,0.011843,1.00E-05,0.04428,0.357652,0.299069,10,HG03705,PJL
0.105052,0.095511,0.021517,0.066014,0.024216,0.005215,0.658491,0.023983,10,HG00260,GBR
0.035199,0.144178,0.12315,0.002962,1.00E-05,0.0436,0.33878,0.31212,10,HG03667,PJL
0.098772,0.095957,0.016123,0.068805,0.009876,0.008195,0.672499,0.029774,10,HG00158,GBR
0.098935,0.089105,0.021619,0.070206,0.020998,0.003059,0.676184,0.019894,10,NA12347,CEU
0.0955,0.104013,1.00E-05,0.086222,0.002677,0.005625,0.672973,0.03298,10,NA12003,CEU
0.022233,0.134068,0.118194,0.021433,1.00E-05,0.045255,0.368289,0.290517,10,HG03660,PJL
0.018682,0.145922,0.145651,0.005262,0.00937,0.049877,0.324809,0.300427,10,HG03873,ITU
0.169712,0.038096,0.026262,0.005176,1.00E-05,0.016093,0.719949,0.024701,10,NA20508,TSI
0.167795,0.057724,1.00E-05,0.066625,0.009307,0.008042,0.661202,0.029295,10,HG01521,IBS
0.09507,0.087499,0.011576,0.065185,0.013972,0.007865,0.69168,0.027153,10,NA06989,CEU
0.03338,0.146609,0.135541,0.002666,0.001241,0.050996,0.340826,0.28874,10,HG03872,ITU
0.164124,0.02107,0.016848,0.008407,0.004901,0.015056,0.739941,0.029652,10,NA20516,TSI
0.170268,0.025297,0.006749,0.003494,0.000197,0.016685,0.74642,0.03089,10,NA20520,TSI
0.09899,0.09515,0.023136,0.0556,0.010285,0.009534,0.679555,0.02775,10,NA06985,CEU
0.027676,0.151639,0.150038,0.010605,1.00E-05,0.048607,0.325301,0.286124,10,HG03871,ITU
0.104542,0.092141,0.018754,0.068729,0.013894,0.006915,0.671726,0.0233,10,NA12751,CEU
0.166779,0.054337,1.00E-05,0.060988,0.001185,0.009376,0.676298,0.031027,10,HG01515,IBS
0.094678,0.098285,0.010035,0.062151,0.002149,0.006332,0.687577,0.038793,10,NA11840,CEU
0.025591,0.140781,0.12841,0.028836,0.004634,0.047277,0.352683,0.27179,10,HG03706,PJL
0.085653,0.072789,0.011354,0.045522,0.018445,0.011714,0.685365,0.069158,10,HG00341,FIN
0.159329,0.059654,0.010745,0.049555,0.009759,0.019726,0.665984,0.025247,10,HG01786,IBS
0.102439,0.093398,0.01365,0.07566,0.014758,0.003543,0.667857,0.028693,10,NA12815,CEU
0.117104,0.110653,0.009397,0.059408,0.010825,0.005064,0.667856,0.019692,10,NA10847,CEU
0.173869,0.023782,0.005456,0.005922,0.001788,0.018868,0.754129,0.016184,10,NA20530,TSI
0.164401,0.025552,0.011728,0.006837,0.007635,0.012351,0.74459,0.026906,10,NA20503,TSI
0.103884,0.102113,0.006951,0.074349,0.003766,0.004884,0.680739,0.023314,10,NA11829,CEU
0.025271,0.143116,0.131052,0.019649,1.00E-05,0.049826,0.33384,0.297236,10,HG03874,ITU
0.099842,0.087963,0.013779,0.066195,0.009267,0.006034,0.693126,0.023794,10,HG00257,GBR
0.10416,0.096379,0.012188,0.068288,0.003683,0.016441,0.679446,0.019414,10,NA12341,CEU
0.159393,0.048936,0.003352,0.065214,0.004066,0.012328,0.680671,0.02604,10,HG01702,IBS
0.110689,0.110096,0.009551,0.065672,0.005145,0.006106,0.67077,0.021971,10,NA06986,CEU
0.109855,0.075192,0.010356,0.060885,0.013203,0.00686,0.705898,0.017751,10,NA12716,CEU
0.105829,0.083328,0.009427,0.071321,0.024076,0.009053,0.679257,0.017709,10,NA12155,CEU
0.11268,0.105213,0.018746,0.066423,0.005735,0.004961,0.663115,0.023127,10,NA12749,CEU
0.098771,0.098914,0.013446,0.048598,0.006957,0.006792,0.699407,0.027114,10,NA12814,CEU
0.111586,0.097636,0.017472,0.075775,0.011513,0.004009,0.650147,0.031862,10,HG01334,GBR
0.154901,0.0545,0.014093,0.061665,1.00E-05,0.019062,0.669124,0.026645,10,HG01746,IBS
0.014163,0.145017,0.126792,0.020645,1.00E-05,0.044396,0.366309,0.282668,10,HG03702,PJL
0.101583,0.079277,0.005153,0.073396,0.023914,0.008611,0.677672,0.030394,10,NA11830,CEU
0.106885,0.103143,0.015149,0.063656,1.00E-05,0.00766,0.689064,0.014434,10,NA12342,CEU
0.112329,0.092694,0.01821,0.063354,0.017451,0.005495,0.67112,0.019345,10,HG00259,GBR
0.152727,0.057507,0.002134,0.063132,0.003081,0.008267,0.690037,0.023113,10,HG01700,IBS
0.151362,0.05951,0.015529,0.055751,0.007936,0.024595,0.662057,0.023258,10,HG01536,IBS
0.108823,0.108925,0.003454,0.060015,0.010727,0.00592,0.680894,0.021243,10,NA07051,CEU
0.113803,0.103014,0.017633,0.060473,0.011255,0.005767,0.663363,0.024691,10,HG00140,GBR
0.10555,0.090587,0.007787,0.070405,0.010772,0.008495,0.680437,0.025967,10,NA12399,CEU
0.105789,0.086971,0.01016,0.06827,0.014289,0.007532,0.692202,0.014787,10,NA10851,CEU
0.020318,0.16061,0.13649,0.006156,1.00E-05,0.05306,0.3272,0.296156,10,HG03866,ITU
0.107727,0.073542,0.011815,0.053036,0.019332,0.008005,0.70301,0.023532,10,HG00148,GBR
0.110271,0.095642,0.019188,0.060835,0.011215,0.006801,0.670077,0.025969,10,NA12762,CEU
0.10834,0.094718,0.015299,0.068853,0.01697,0.00723,0.660513,0.028076,10,NA06994,CEU
0.110456,0.101585,0.011823,0.073666,0.004293,0.007016,0.666885,0.024277,10,NA12156,CEU
0.118067,0.095986,0.002985,0.069564,0.019963,0.009751,0.666368,0.017315,10,HG00235,GBR
0.099994,0.083097,0.015165,0.068055,0.002513,0.007514,0.691864,0.031798,10,NA07056,CEU
0.109948,0.094945,0.014571,0.062395,0.010207,0.005083,0.684652,0.018199,10,NA12778,CEU
0.108921,0.087992,0.014574,0.066959,0.017584,0.008079,0.670512,0.025379,10,NA11920,CEU
0.102499,0.081813,0.006057,0.062529,0.009982,0.010317,0.69288,0.033923,10,NA12046,CEU
0.105494,0.088194,0.012645,0.065154,0.009993,0.007449,0.679646,0.031424,10,NA07000,CEU
0.142337,0.049159,0.005404,0.059141,0.011757,0.006317,0.693737,0.032147,10,HG01522,IBS
0.108952,0.092617,0.009903,0.061944,0.011359,0.006679,0.680335,0.028211,10,NA12154,CEU
0.116517,0.06911,1.00E-05,0.063091,0.019551,0.005666,0.699634,0.026421,10,NA12275,CEU
0.113087,0.104434,0.021746,0.065618,4.30E-05,0.007291,0.658668,0.029114,10,NA11893,CEU
0.110009,0.091362,0.016747,0.058147,0.014368,0.008531,0.685675,0.015162,10,NA12340,CEU
0.107091,0.074166,0.010568,0.067475,0.010174,0.00582,0.700697,0.024009,10,HG00146,GBR
0.104847,0.072927,0.012909,0.059128,0.020099,0.010343,0.69458,0.025168,10,NA11931,CEU
0.122298,0.099382,0.018816,0.057729,0.016365,0.005167,0.657616,0.022626,10,HG00133,GBR
0.118915,0.100216,0.006998,0.062438,0.014096,0.005769,0.668122,0.023446,10,NA12400,CEU
0.111604,0.091475,0.013357,0.066967,0.00887,0.006536,0.680062,0.021129,10,NA11894,CEU
0.116792,0.102693,0.008298,0.073895,0.00378,0.007866,0.665648,0.021029,10,NA12489,CEU
0.108625,0.069203,0.013764,0.053601,0.025283,0.008988,0.690188,0.030347,10,HG00145,GBR
0.109123,0.091673,0.008468,0.062775,0.009319,0.007835,0.681191,0.029614,10,HG00245,GBR
0.110943,0.082212,0.017631,0.067165,0.021963,0.005647,0.669524,0.024916,10,NA12006,CEU
0.107244,0.091048,0.02978,0.051429,0.00455,0.006489,0.686092,0.023369,10,NA11919,CEU
0.113604,0.066116,0.006422,0.069079,0.014597,0.007688,0.689923,0.03257,10,NA12750,CEU
0.108601,0.090059,0.007622,0.072656,0.017009,0.006416,0.668866,0.028771,10,HG00151,GBR
0.116342,0.077685,1.00E-05,0.061288,0.018549,0.004579,0.699586,0.021961,10,HG00154,GBR
0.118115,0.095962,0.010689,0.069096,0.016587,0.005884,0.65456,0.029108,10,HG00150,GBR
0.114274,0.08898,0.008625,0.061609,0.016475,0.006891,0.676733,0.026413,10,NA12043,CEU
0.010496,0.151162,0.139828,0.014525,0.001581,0.039659,0.377241,0.265508,10,HG03703,PJL
0.112289,0.099915,1.00E-05,0.064158,0.017101,0.006937,0.676297,0.023293,10,HG00160,GBR
0.120033,0.092559,0.012431,0.060815,0.008993,0.005985,0.678394,0.020788,10,NA11995,CEU
0.109616,0.083975,0.010718,0.068245,0.020184,0.005904,0.668622,0.032737,10,NA11994,CEU
0.118348,0.105796,0.008296,0.072217,1.00E-05,0.009596,0.660278,0.02546,10,NA07037,CEU
0.03067,0.150109,0.145906,0.003074,1.00E-05,0.045099,0.34084,0.284292,10,HG03869,ITU
0.114667,0.089197,0.016237,0.074969,0.01086,0.007134,0.659849,0.027087,10,NA11843,CEU
0.111507,0.089246,0.001892,0.064698,0.002762,0.006592,0.697135,0.026168,10,NA12005,CEU
0.117838,0.094922,0.005054,0.053236,0.012422,0.009393,0.685006,0.022128,10,NA12287,CEU
0.110296,0.093819,0.012276,0.070968,0.003032,0.007593,0.677191,0.024824,10,HG02215,GBR
0.113572,0.098325,0.00699,0.056504,0.005971,0.006163,0.683138,0.029337,10,NA12761,CEU
0.027622,0.151233,0.14026,0.002573,0.002055,0.051728,0.341631,0.2829,10,HG03868,ITU
0.120618,0.081407,0.006914,0.059547,0.016654,0.006737,0.682845,0.025277,10,NA07357,CEU
0.119951,0.094193,0.020645,0.067223,0.00074,0.004081,0.665431,0.027737,10,NA12234,CEU
0.111861,0.079128,0.009183,0.058664,0.014176,0.003921,0.695344,0.027724,10,NA12718,CEU
0.120629,0.101214,0.00384,0.069068,0.005439,0.006472,0.665704,0.027632,10,NA12414,CEU
0.108732,0.095254,0.00365,0.065981,0.00434,0.009551,0.682521,0.029971,10,HG00138,GBR
0.124356,0.086216,0.013117,0.067508,0.006584,0.005669,0.677366,0.019184,10,HG00239,GBR
0.024299,0.150287,0.14359,0.003788,1.00E-05,0.050202,0.340026,0.287798,10,HG03864,ITU
0.109086,0.083803,0.008109,0.047521,0.013266,0.005564,0.693301,0.039349,10,HG00252,GBR
0.115151,0.080266,0.013686,0.069042,0.020777,0.006537,0.668901,0.025641,10,NA12812,CEU
0.027103,0.147393,0.134406,0.007932,0.000847,0.038663,0.383188,0.260468,10,HG03668,PJL
0.116361,0.096295,0.012325,0.059736,0.008251,0.008733,0.667917,0.030382,10,NA12763,CEU
0.122927,0.087507,0.011541,0.068359,0.007829,0.009401,0.675713,0.016722,10,NA11932,CEU
0.114157,0.062907,0.006331,0.065634,0.024617,0.008886,0.679143,0.038324,10,NA12873,CEU
0.124351,0.093078,0.001403,0.063147,0.007015,0.006734,0.677893,0.026378,10,NA11918,CEU
0.118445,0.076389,0.015741,0.057281,0.016787,0.006422,0.686496,0.02244,10,NA11992,CEU
0.111691,0.095716,0.02402,0.057838,1.00E-05,0.006535,0.673355,0.030834,10,NA11930,CEU
0.13093,0.091392,0.003647,0.058826,0.011021,0.009671,0.660512,0.034,10,HG00246,GBR
0.120175,0.091693,0.001506,0.062805,0.013911,0.006199,0.678914,0.024797,10,NA12044,CEU
0.120891,0.096431,0.002932,0.058978,0.01784,0.004923,0.669565,0.028439,10,HG00159,GBR
0.116072,0.103646,0.008549,0.056111,1.00E-05,0.007352,0.680787,0.027473,10,HG00131,GBR
0.125617,0.084356,0.009166,0.052313,0.014589,0.00789,0.689305,0.016765,10,NA07347,CEU
0.117885,0.085779,0.01227,0.067217,0.00356,0.007789,0.682737,0.022764,10,HG00233,GBR
0.039348,0.16836,0.114872,0.014144,0.003251,0.037127,0.365719,0.257179,10,HG03708,PJL
0.135146,0.092638,1.00E-05,0.060073,0.012224,0.00732,0.671578,0.021011,10,HG00142,GBR
0.121957,0.077834,0.014275,0.061511,0.007815,0.007961,0.683319,0.025328,10,NA12829,CEU
0.113122,0.10291,0.005194,0.066413,1.00E-05,0.006036,0.673515,0.0328,10,NA12348,CEU
0.123967,0.093442,1.00E-05,0.075981,0.008822,0.006397,0.662041,0.02934,10,NA06984,CEU
0.110927,0.086788,0.008877,0.058154,6.50E-05,0.008344,0.697099,0.029747,10,NA11892,CEU
0.123705,0.082842,0.010497,0.064655,0.013404,0.007405,0.667483,0.030007,10,NA11933,CEU
0.124734,0.079038,0.006495,0.060785,0.021883,0.012181,0.67134,0.023544,10,NA12273,CEU
0.123077,0.079855,0.008579,0.059179,0.010183,0.006417,0.691186,0.021523,10,HG00143,GBR
0.122656,0.07616,1.00E-05,0.055913,0.030384,0.010576,0.680604,0.023696,10,NA12828,CEU
0.122311,0.085153,0.00833,0.062721,0.002747,0.005984,0.692022,0.020731,10,NA12777,CEU
0.130297,0.095097,0.016699,0.053105,0.002527,0.006383,0.677501,0.018389,10,NA12813,CEU
0.115197,0.102543,1.60E-05,0.068904,1.00E-05,0.005858,0.68047,0.027002,10,NA12776,CEU
0.019256,0.169832,0.135975,0.011129,1.00E-05,0.043202,0.344857,0.27574,10,HG03709,PJL
0.114052,0.079617,0.006483,0.058169,0.023523,0.007323,0.675416,0.035418,10,NA11881,CEU
0.125177,0.09279,0.003276,0.059339,1.00E-05,0.008152,0.679078,0.032177,10,NA12045,CEU
0.124534,0.075949,0.020975,0.056997,0.009376,0.010179,0.678561,0.023429,10,NA11832,CEU
0.030817,0.164622,0.140552,0.001605,1.00E-05,0.037022,0.376332,0.249042,10,HG02658,PJL
0.120212,0.101252,0.003412,0.055597,1.00E-05,0.007956,0.680926,0.030636,10,NA12717,CEU
0.037656,0.17082,0.133718,0.009356,1.00E-05,0.034969,0.366926,0.246544,10,HG02657,PJL
0.030511,0.165192,0.128134,0.008122,0.001271,0.034749,0.379895,0.252126,10,HG03888,STU
0.130832,0.097901,0.001973,0.061477,0.003929,0.006928,0.67943,0.01753,10,HG00263,GBR
0.114387,0.082195,0.006816,0.062705,0.007039,0.009794,0.684928,0.032137,10,NA07048,CEU
0.128074,0.080456,0.01434,0.065342,0.000569,0.007113,0.678548,0.025557,10,NA12004,CEU
0.127524,0.083147,0.003391,0.063646,0.009817,0.005483,0.677343,0.029648,10,HG00237,GBR
0.126888,0.100927,0.003948,0.0691,0.001047,0.003726,0.66266,0.031704,10,NA12748,CEU
0.128517,0.077192,0.015598,0.057017,0.01109,0.009708,0.679241,0.021637,10,NA12272,CEU
0.033723,0.16101,0.130936,0.010133,1.00E-05,0.039439,0.375938,0.248811,10,HG03746,STU
0.111271,0.078409,0.011356,0.044729,0.022276,0.006153,0.69787,0.027935,10,HG00132,GBR
0.121755,0.082251,0.001332,0.059246,0.016506,0.005091,0.680367,0.033452,10,HG00238,GBR
0.131807,0.09421,0.00015,0.054675,0.006121,0.009871,0.68331,0.019855,10,HG00130,GBR
0.139006,0.066617,0.007109,0.051262,0.024837,0.009224,0.674262,0.027683,10,NA12413,CEU
0.110593,0.079505,0.020976,0.069547,0.001143,0.007079,0.672912,0.038244,10,NA12286,CEU
0.11632,0.073851,0.015449,0.066783,0.008516,0.00989,0.675345,0.033846,10,NA12760,CEU
0.019228,0.154286,0.138846,0.011712,0.003982,0.041593,0.376782,0.253571,10,HG03713,ITU
0.131597,0.081816,0.003456,0.057275,0.016426,0.00778,0.674149,0.0275,10,NA12383,CEU
0.129513,0.090992,0.015796,0.063353,0.012077,0.009609,0.653189,0.025472,10,NA12546,CEU
0.121628,0.077237,0.005985,0.063374,0.015768,0.010008,0.678285,0.027715,10,HG00261,GBR
0.119712,0.077927,0.004352,0.071703,0.022827,0.008502,0.677807,0.01717,10,HG00149,GBR
0.134967,0.071544,1.00E-05,0.060236,0.015751,0.008834,0.676652,0.032006,10,NA11831,CEU
0.124508,0.08747,0.008245,0.06995,0.004697,0.006808,0.671113,0.02721,10,HG00258,GBR
0.11933,0.098189,0.003117,0.049409,0.008465,0.008623,0.692631,0.020237,10,HG00232,GBR
0.02364,0.154543,0.126971,0.019002,0.003922,0.047399,0.37284,0.251683,10,HG02601,PJL
0.011875,0.165121,0.138092,0.017554,1.00E-05,0.038351,0.396289,0.232707,10,HG03488,PJL
0.040356,0.188348,0.115992,0.012257,1.00E-05,0.030005,0.402087,0.210945,10,HG02736,PJL
0.037141,0.187845,0.141787,0.0098,1.00E-05,0.030291,0.413085,0.180041,10,HG02649,PJL
0.137429,0.082245,0.003257,0.057557,0.005418,0.010778,0.676884,0.026431,10,NA12282,CEU
0.029725,0.178,0.146066,0.005065,0.001778,0.032107,0.395353,0.211905,10,HG03490,PJL
0.120984,0.093135,0.015186,0.049382,0.010947,0.008835,0.674942,0.026589,10,HG00254,GBR
0.025986,0.156403,0.134351,0.009286,1.00E-05,0.050106,0.342119,0.28174,10,HG03711,STU
0.032713,0.151839,0.135718,0.014364,0.00498,0.040636,0.373271,0.246479,10,HG03714,ITU
0.112786,0.084636,0.009576,0.057182,0.019144,0.006817,0.681297,0.028561,10,HG00251,GBR
0.118778,0.094451,0.021494,0.059056,0.002605,0.005918,0.6736,0.024098,10,HG01791,GBR
0.029695,0.172873,0.137258,0.022081,1.00E-05,0.041406,0.344612,0.252064,10,HG04060,ITU
0.017756,0.14872,0.128273,0.011252,0.004229,0.044008,0.395722,0.25004,10,HG03875,ITU
0.115346,0.077306,0.009514,0.0644,0.019365,0.006635,0.68342,0.024015,10,HG00256,GBR
0.040357,0.17283,0.125384,0.014281,1.00E-05,0.033411,0.382968,0.230759,10,HG03636,PJL
0.119638,0.091713,0.016311,0.05882,0.016233,0.005445,0.662892,0.028949,10,HG01790,GBR
0.037323,0.148035,0.131457,0.013228,1.00E-05,0.048762,0.33828,0.282905,10,HG03788,ITU
0.132821,0.084707,0.024015,0.048888,0.013889,0.009155,0.658912,0.027614,10,NA12144,CEU
0.117481,0.100076,1.00E-05,0.065451,0.005926,0.008724,0.67978,0.022553,10,HG01789,GBR
0.120454,0.088547,0.007347,0.061546,0.009727,0.008983,0.675912,0.027483,10,HG00129,GBR
0.032337,0.157999,0.141415,0.009731,0.009014,0.043466,0.368288,0.237751,10,HG03716,ITU
0.112101,0.097424,0.002506,0.05728,0.010263,0.006317,0.69415,0.019959,10,HG00265,GBR
0.119699,0.087374,0.01541,0.066035,0.009929,0.007178,0.673011,0.021364,10,HG00250,GBR
0.137413,0.083473,0.00288,0.050773,0.018694,0.011894,0.662502,0.032371,10,NA12283,CEU
0.029982,0.146883,0.130695,0.005856,0.000564,0.051469,0.358993,0.275559,10,HG04198,ITU
0.03908,0.154291,0.1302,0.011129,0.002695,0.041752,0.338967,0.281886,10,HG04020,ITU
0.116098,0.094818,0.014887,0.058442,0.002734,0.011219,0.681708,0.020093,10,HG00236,GBR
0.023517,0.148573,0.129771,0.004796,1.00E-05,0.049616,0.36163,0.282088,10,HG04225,ITU
0.045723,0.15958,0.12548,0.013246,0.00712,0.041463,0.345043,0.262346,10,HG03022,PJL
0.026719,0.158389,0.126916,0.00887,1.00E-05,0.051537,0.353638,0.27392,10,HG03491,PJL
0.028328,0.146571,0.134387,0.013692,1.00E-05,0.044862,0.350121,0.28203,10,HG02780,PJL
0.02694,0.148839,0.130419,0.011035,0.012615,0.040296,0.3693,0.260556,10,HG04003,STU
0.025418,0.155105,0.146488,0.009573,1.00E-05,0.047569,0.343254,0.272582,10,HG03862,ITU
0.113323,0.09045,0.022564,0.043933,0.019496,0.006817,0.677172,0.026244,10,NA12830,CEU
0.109933,0.100664,0.011484,0.055695,0.003753,0.011435,0.683302,0.023734,10,NA12874,CEU
0.115978,0.111715,0.005206,0.057013,0.002814,0.0064,0.682831,0.018041,10,HG00244,GBR
0.026028,0.164522,0.135266,0.001439,0.007342,0.049992,0.319895,0.295515,10,HG04099,STU
0.108641,0.095735,0.02467,0.04865,0.00709,0.009016,0.681048,0.025149,10,NA12889,CEU
0.023754,0.154098,0.135021,0.005108,0.00068,0.05107,0.352631,0.277638,10,HG03782,ITU
0.118638,0.08211,0.023245,0.068833,0.01552,0.008794,0.660561,0.022299,10,HG00255,GBR
0.025492,0.163478,0.146636,1.00E-05,1.00E-05,0.050275,0.344773,0.269325,10,HG04212,ITU
0.033519,0.14977,0.130638,0.013574,1.00E-05,0.040346,0.369103,0.26304,10,HG03789,ITU
